x <- 100
N <- 10
